108590033 22.41304813370281 0.6719907816940851 0.37135885456223716
111598012 26.648394083449688 0.6296996116667026 0.3984177663847744
111598025 24.386776526765995 0.659161785241461 0.37171197180421783
111598033 23.82539724777397 0.6809436281504209 0.3722034140237581
111598070 23.545485395049884 0.6769136316704404 0.37464621297911493
111598078 27.624733396292672 0.6360713049095909 0.38410569074501244
111598401 23.34451774147385 0.6080843886857406 0.4278322191731724
111C52002 16.47642378639591 0.6212915103608391 0.4104874556667188
111C52007 24.065940581843076 0.6910841481651748 0.3787290761534439
111C52030 16.532236788742555 0.6331143610040313 0.41935849362932626
111C52032 23.87755542064257 0.6813746523644667 0.36779434002754063
111C52034 31.29418353652051 0.6954179788553052 0.3505773814164107
